3.434946238994598389e-01
2.971021831035614014e-01
3.001805543899536133e-01
2.724902629852294922e-01
2.259959429502487183e-01
2.237033247947692871e-01
2.446282655000686646e-01
2.190893739461898804e-01
1.740805059671401978e-01
1.904799193143844604e-01
1.587089747190475464e-01
1.554122120141983032e-01
1.425066441297531128e-01
1.309783607721328735e-01
1.264166235923767090e-01
1.275054365396499634e-01
1.279006451368331909e-01
1.242381557822227478e-01
1.214132085442543030e-01
1.210724711418151855e-01
1.261544674634933472e-01
1.217388287186622620e-01
1.183048188686370850e-01
1.145067811012268066e-01
1.089203432202339172e-01
1.034291759133338928e-01
9.657946228981018066e-02
9.169039130210876465e-02
8.719956874847412109e-02
9.116197377443313599e-02
9.875082969665527344e-02
9.958618879318237305e-02
1.054342687129974365e-01
9.585314989089965820e-02
9.210416674613952637e-02
9.040818363428115845e-02
9.682754427194595337e-02
1.201775446534156799e-01
1.691246032714843750e-01
2.619156241416931152e-01
3.668593466281890869e-01
4.785838425159454346e-01
5.768858790397644043e-01
8.579607605934143066e-01
8.783478736877441406e-01
8.981283307075500488e-01
9.280019402503967285e-01
9.525534510612487793e-01
9.564865231513977051e-01
9.621467590332031250e-01
9.723147749900817871e-01
9.715611338615417480e-01
9.608158469200134277e-01
9.666562676429748535e-01
9.708577990531921387e-01
9.736728072166442871e-01
9.817231297492980957e-01
9.913955330848693848e-01
9.944696426391601562e-01
9.905421733856201172e-01
9.526369571685791016e-01
9.078972339630126953e-01
8.867223262786865234e-01
8.673604130744934082e-01
8.567848205566406250e-01
8.293886184692382812e-01
8.293109536170959473e-01
8.146435618400573730e-01
7.993294596672058105e-01
7.823839187622070312e-01
7.847228050231933594e-01
7.691996097564697266e-01
7.483598589897155762e-01
7.350466251373291016e-01
7.231199741363525391e-01
7.176811099052429199e-01
6.981348991394042969e-01
6.841048598289489746e-01
6.776129603385925293e-01
6.567195057868957520e-01
6.409473419189453125e-01
6.443477272987365723e-01
6.206039786338806152e-01
6.135978102684020996e-01
6.110251545906066895e-01
6.021251082420349121e-01
5.875676274299621582e-01
5.844928026199340820e-01
5.909163355827331543e-01
5.802291035652160645e-01
5.721013545989990234e-01
5.777999758720397949e-01
5.762267112731933594e-01
5.618277192115783691e-01
5.583693385124206543e-01
5.494940876960754395e-01
5.566540360450744629e-01
5.549548864364624023e-01
5.642716884613037109e-01
5.330449938774108887e-01
5.544031262397766113e-01
5.657043457031250000e-01
5.567786693572998047e-01
5.184231400489807129e-01
5.457754135131835938e-01
5.622619986534118652e-01
5.636323690414428711e-01
5.488377809524536133e-01
5.515069961547851562e-01
5.633811354637145996e-01
5.413905978202819824e-01
5.393717288970947266e-01
5.492281317710876465e-01
