-1.325221061706542969e+01 5.917350649833679199e-01
-2.661915397644042969e+01 -2.760960161685943604e-01
7.539753437042236328e+00 -1.489050388336181641e+01
1.559398841857910156e+01 2.372263526916503906e+01
1.332146358489990234e+01 -3.430749177932739258e+00
-1.958332657814025879e-01 -1.081977939605712891e+01
-4.361692428588867188e+00 2.091896057128906250e+01
-4.834277629852294922e+00 -1.626706123352050781e+01
-2.861001014709472656e+00 1.970254516601562500e+01
2.506522941589355469e+01 -6.597238540649414062e+00
-1.277911663055419922e+01 -1.688166999816894531e+01
-1.015613746643066406e+01 -8.336990356445312500e+00
-1.342770385742187500e+01 1.357796001434326172e+01
-3.070722007751464844e+01 -1.402500820159912109e+01
-1.553436875343322754e+00 2.023029899597167969e+01
2.746351051330566406e+01 8.965642929077148438e+00
-3.578951120376586914e+00 -2.392991638183593750e+01
2.220458745956420898e+00 -3.578088283538818359e+00
-1.218839263916015625e+01 4.274291992187500000e+00
1.925481033325195312e+01 5.176510334014892578e+00
1.074485492706298828e+01 -1.597771167755126953e+01
-2.555714225769042969e+01 -5.531041622161865234e-01
2.139416503906250000e+01 5.878694534301757812e+00
1.601731681823730469e+01 2.399300575256347656e+01
-1.447336864471435547e+01 -6.099641799926757812e+00
-6.870718955993652344e+00 -5.512178897857666016e+00
1.437768268585205078e+01 -5.121504783630371094e+00
-1.233735561370849609e+01 7.770095348358154297e+00
3.493549728393554688e+01 6.770492076873779297e+00
2.227809906005859375e+01 8.136956214904785156e+00
-1.060024261474609375e+01 1.412377071380615234e+01
1.395104169845581055e+00 -6.142690181732177734e+00
-3.068093681335449219e+01 -1.159283733367919922e+01
2.388108825683593750e+01 7.347223758697509766e+00
-1.954008293151855469e+01 -3.050497531890869141e+00
-1.173761177062988281e+01 -9.390977859497070312e+00
-2.434907341003417969e+01 -1.868201828002929688e+01
-2.061583900451660156e+01 -3.887011766433715820e+00
8.998955726623535156e+00 -2.687823295593261719e+00
-2.874714279174804688e+01 -1.582085514068603516e+01
-1.302846670150756836e-01 2.149998474121093750e+01
-5.248613357543945312e+00 -2.220623493194580078e+00
1.351448726654052734e+01 4.965566158294677734e+00
1.722231483459472656e+01 4.100825786590576172e+00
-6.262340545654296875e+00 1.155796051025390625e+01
1.461178302764892578e+01 -2.214230775833129883e+00
-2.594431877136230469e+00 7.353588581085205078e+00
-8.429960250854492188e+00 -1.092435932159423828e+01
-6.772819042205810547e+00 9.563863754272460938e+00
-8.896352767944335938e+00 -2.462286710739135742e+00
-1.559297275543212891e+01 6.829752445220947266e+00
-2.888548851013183594e+01 4.045482158660888672e+00
3.275743865966796875e+01 1.686406016349792480e+00
1.908827781677246094e+01 7.754751682281494141e+00
2.279518699645996094e+01 -1.169842243194580078e+01
2.582533955574035645e-01 -4.031523466110229492e-01
-2.930698585510253906e+01 4.869922161102294922e+00
1.887907600402832031e+01 2.171273946762084961e+00
1.207271575927734375e+01 -1.427851486206054688e+01
1.471090507507324219e+01 2.472580337524414062e+01
8.296633720397949219e+00 -1.862757492065429688e+01
1.987980079650878906e+01 9.609951019287109375e+00
-2.330578231811523438e+01 -1.863357353210449219e+01
-2.510320663452148438e+01 5.433491989970207214e-02
8.519266128540039062e+00 8.210836052894592285e-01
-1.061635780334472656e+01 -9.239154815673828125e+00
-2.447882461547851562e+01 -1.658766555786132812e+01
7.480256557464599609e+00 2.172213363647460938e+01
-3.184698486328125000e+01 8.798151969909667969e+00
-1.972028350830078125e+01 -4.385862126946449280e-02
-3.704731702804565430e+00 2.355377769470214844e+01
2.486064720153808594e+01 7.648860931396484375e+00
2.486062645912170410e-01 1.956480789184570312e+01
-2.536138534545898438e+01 -1.608377647399902344e+01
-1.115568828582763672e+01 1.034587287902832031e+01
-2.041646194458007812e+01 -2.777852296829223633e+00
4.264518737792968750e+00 1.333637428283691406e+01
1.149049758911132812e+01 2.341633605957031250e+01
1.344185733795166016e+01 2.007329368591308594e+01
2.341985702514648438e+01 8.311186790466308594e+00
-1.829358482360839844e+01 6.665443897247314453e+00
-1.953705406188964844e+01 -2.421838521957397461e+00
-3.126439332962036133e+00 -2.639920997619628906e+01
-3.084852027893066406e+01 -1.421874332427978516e+01
3.092495536804199219e+01 2.316689968109130859e+00
-5.555253028869628906e+00 -4.681507587432861328e+00
-1.208508586883544922e+01 1.532949733734130859e+01
2.041025733947753906e+01 3.853510916233062744e-01
-3.092039299011230469e+01 6.725503921508789062e+00
2.377350044250488281e+01 -6.191767215728759766e+00
-3.003937530517578125e+01 -1.366467761993408203e+01
2.735139274597167969e+01 5.786413669586181641e+00
1.040395450592041016e+01 -1.150872421264648438e+01
-3.012049102783203125e+01 -1.539904880523681641e+01
-9.246060252189636230e-02 -1.069974780082702637e+00
-2.037262344360351562e+01 7.152218222618103027e-01
1.467976760864257812e+01 4.646146297454833984e+00
-1.186034083366394043e+00 -1.877709984779357910e+00
-1.116226100921630859e+01 1.064310073852539062e+01
1.191791152954101562e+01 2.158381462097167969e+01
-9.831378936767578125e+00 1.583310365676879883e+00
3.011689376831054688e+01 -9.374252557754516602e-01
-1.095471501350402832e+00 2.016098785400390625e+01
2.893902015686035156e+01 7.872830867767333984e+00
-3.226968526840209961e+00 1.894268989562988281e+01
1.031014633178710938e+01 2.332912063598632812e+01
-2.916296958923339844e+01 -1.054649257659912109e+01
-7.317916393280029297e+00 -1.882078361511230469e+01
-3.145637893676757812e+01 8.248811721801757812e+00
-7.583167552947998047e+00 1.511120891571044922e+01
1.023258876800537109e+01 -9.110145568847656250e+00
-5.877916336059570312e+00 6.054857730865478516e+00
-4.946149587631225586e-01 2.088129425048828125e+01
1.210325050354003906e+01 2.468721389770507812e+01
-2.943592834472656250e+01 2.975758790969848633e+00
2.202159500122070312e+01 -7.118603706359863281e+00
1.094001865386962891e+01 -7.450920104980468750e+00
5.889460086822509766e+00 1.007116031646728516e+01
-2.373498725891113281e+01 4.263591289520263672e+00
-2.512716484069824219e+01 -1.301033020019531250e+00
3.500312805175781250e+01 6.518260002136230469e+00
-3.164785194396972656e+01 5.449833869934082031e+00
7.023556232452392578e+00 1.274447727203369141e+01
2.958482170104980469e+01 8.619089126586914062e+00
1.928534388542175293e+00 1.941867828369140625e+01
-5.092885494232177734e+00 -2.616348981857299805e+00
-9.995459556579589844e+00 3.894557714462280273e+00
2.550224876403808594e+01 -6.428397178649902344e+00
-8.574435114860534668e-01 2.350279426574707031e+01
-2.340432548522949219e+01 -1.748809814453125000e+01
-9.375723838806152344e+00 9.149041175842285156e+00
2.365157508850097656e+01 -4.271856784820556641e+00
-4.527021408081054688e+00 2.242287063598632812e+01
1.529725170135498047e+01 -4.927740395069122314e-01
-9.833927154541015625e+00 1.291868209838867188e+01
-6.796920299530029297e+00 -1.718172264099121094e+01
-1.224017715454101562e+01 1.389637279510498047e+01
1.342161178588867188e+01 1.396112060546875000e+01
-1.686099433898925781e+01 3.844942808151245117e+00
2.285694885253906250e+01 -3.661652326583862305e+00
1.566891288757324219e+01 7.277770519256591797e+00
2.279545211791992188e+01 8.479425430297851562e+00
1.674288177490234375e+01 -6.229303836822509766e+00
3.978775262832641602e+00 8.273929595947265625e+00
-7.846549510955810547e+00 1.084491634368896484e+01
-1.121080207824707031e+01 -1.078551006317138672e+01
-2.950674295425415039e+00 -5.249618530273437500e+00
-2.740757560729980469e+01 -1.725407409667968750e+01
1.184393310546875000e+01 2.070462465286254883e+00
-1.427294731140136719e+01 1.194422054290771484e+01
3.631672561168670654e-01 2.543042945861816406e+01
-2.855584526062011719e+01 -1.523312282562255859e+01
2.397978544235229492e+00 2.109078216552734375e+01
1.767506599426269531e+01 3.528190612792968750e+00
1.627625083923339844e+01 -1.145152091979980469e+01
-2.633539390563964844e+01 -1.582926654815673828e+01
-2.822470283508300781e+01 2.111863374710083008e+00
-6.558421611785888672e+00 -1.789961242675781250e+01
4.260239601135253906e+00 -1.431428432464599609e+01
5.998381137847900391e+00 8.017848014831542969e+00
1.203600597381591797e+01 -2.197785139083862305e+00
-6.296175003051757812e+00 -5.037240982055664062e+00
1.264056968688964844e+01 -5.652464389801025391e+00
1.997958755493164062e+01 9.710625648498535156e+00
1.025736236572265625e+01 -1.669550895690917969e+01
-2.523632240295410156e+01 -1.717291259765625000e+01
1.908623886108398438e+01 -5.387626171112060547e+00
2.181430244445800781e+01 7.006187438964843750e-01
1.302548980712890625e+01 1.279967784881591797e+01
-2.001387786865234375e+01 -6.781971454620361328e-02
1.112619209289550781e+01 -6.487461090087890625e+00
6.013320922851562500e+00 8.850471496582031250e+00
1.671457099914550781e+01 -1.139889812469482422e+01
-1.094921684265136719e+01 -8.679143905639648438e+00
1.393312811851501465e+00 2.048073196411132812e+01
-1.359662723541259766e+01 -1.131651401519775391e+01
1.090707683563232422e+01 -4.706791400909423828e+00
1.258000373840332031e+01 1.983538055419921875e+01
7.568521499633789062e-01 -1.995553779602050781e+01
-5.921452999114990234e+00 5.720394134521484375e+00
3.705144405364990234e+00 1.617936515808105469e+01
-3.662744045257568359e+00 -7.828147411346435547e+00
-1.746488761901855469e+01 5.477185726165771484e+00
1.671264648437500000e+01 -4.408473968505859375e-01
-2.872598886489868164e+00 2.136796569824218750e+01
2.792359542846679688e+01 5.725664615631103516e+00
-3.317442703247070312e+01 -1.106376838684082031e+01
5.895413398742675781e+00 1.124323463439941406e+01
-4.562228202819824219e+00 4.237655639648437500e+00
3.582571506500244141e+00 8.143146514892578125e+00
3.239301681518554688e+00 1.100407886505126953e+01
-1.154422092437744141e+01 -1.053391838073730469e+01
-2.333819389343261719e+01 2.695516109466552734e+00
2.748896789550781250e+01 5.400213718414306641e+00
1.147684288024902344e+01 -1.238231277465820312e+01
2.046772766113281250e+01 2.282783746719360352e+00
1.602067184448242188e+01 -1.603709793090820312e+01
3.518265187740325928e-01 -4.465661525726318359e+00
-1.132748126983642578e+01 1.226964092254638672e+01
5.706453800201416016e+00 7.200920581817626953e+00
-3.882683753967285156e+00 2.155688285827636719e+01
1.644755554199218750e+01 2.334324073791503906e+01
-4.759824275970458984e+00 -4.104771614074707031e+00
-3.893650531768798828e+00 -7.483869552612304688e+00
-2.748720550537109375e+01 -1.749564933776855469e+01
1.270465660095214844e+01 2.534582710266113281e+01
-3.246904754638671875e+01 7.570908546447753906e+00
-3.856627941131591797e+00 -8.262680053710937500e+00
2.713940858840942383e+00 2.256201362609863281e+01
-3.180267906188964844e+01 6.533497810363769531e+00
-2.365012550354003906e+01 4.973572731018066406e+00
3.247942209243774414e+00 2.216106605529785156e+01
-1.367611885070800781e+00 1.527012729644775391e+01
-2.026303529739379883e+00 -2.761730766296386719e+01
3.358222579956054688e+01 5.089708417654037476e-02
-8.437013626098632812e+00 -1.935650253295898438e+01
-2.098717117309570312e+01 5.371990680694580078e+00
1.562812042236328125e+01 -8.507922172546386719e+00
-3.281112289428710938e+01 -1.195596408843994141e+01
-1.640917205810546875e+01 -3.446782112121582031e+00
1.099947094917297363e+00 -2.529473114013671875e+01
-3.247087860107421875e+01 -1.391145229339599609e+01
9.743333816528320312e+00 -1.785182380676269531e+01
2.804099845886230469e+01 6.961644649505615234e+00
1.175551605224609375e+01 4.388493537902832031e+00
-2.444181203842163086e+00 -6.427724838256835938e+00
1.067331695556640625e+01 -5.480171680450439453e+00
1.578105163574218750e+01 1.471337080001831055e+00
-8.516277313232421875e+00 1.349520683288574219e+01
-3.115660667419433594e+01 6.356748104095458984e+00
3.009379959106445312e+01 1.090469551086425781e+01
4.171343326568603516e+00 2.173923301696777344e+01
-1.901011276245117188e+01 2.848584413528442383e+00
-8.580597639083862305e-01 -2.689027404785156250e+01
-2.448369979858398438e+01 3.354447841644287109e+00
-7.657247543334960938e+00 -1.853047752380371094e+01
-7.296364784240722656e+00 -2.822930097579956055e+00
1.701807975769042969e+01 -8.937581062316894531e+00
-3.175633621215820312e+01 -1.240766906738281250e+01
-1.643306350708007812e+01 -8.418774604797363281e+00
-2.343823671340942383e+00 1.243062019348144531e+01
-3.503153610229492188e+01 -1.214421081542968750e+01
-9.074721336364746094e+00 -1.984376907348632812e+01
3.041131210327148438e+01 6.006443023681640625e+00
-2.006435966491699219e+01 1.335112571716308594e+01
-1.955549001693725586e+00 -4.981363773345947266e+00
-3.202204513549804688e+01 9.009300231933593750e+00
1.539122295379638672e+01 1.354780912399291992e+00
-4.277154445648193359e+00 2.043172454833984375e+01
-3.166097831726074219e+01 7.066820144653320312e+00
-9.898034095764160156e+00 1.503120422363281250e+01
3.169097661972045898e+00 2.285673904418945312e+01
3.190546035766601562e+00 1.309537696838378906e+01
5.830373764038085938e-01 -2.348204231262207031e+01
-1.732485961914062500e+01 7.406497955322265625e+00
-7.135904312133789062e+00 -1.719535064697265625e+01
-1.195610809326171875e+01 -8.344152450561523438e+00
2.050541305541992188e+01 -8.196887969970703125e+00
1.476099109649658203e+01 5.949779987335205078e+00
-1.550180149078369141e+01 -8.080929756164550781e+00
2.890758275985717773e+00 -1.458817672729492188e+01
-2.779940986633300781e+01 -1.468615436553955078e+01
-1.448749923706054688e+01 -6.112828731536865234e+00
3.043073463439941406e+01 6.397000789642333984e+00
8.606568336486816406e+00 -1.338147449493408203e+01
-1.763507962226867676e+00 -3.204899072647094727e+00
-1.444380378723144531e+01 1.003582096099853516e+01
1.291985130310058594e+01 -2.469235897064208984e+00
1.088652420043945312e+01 9.074897766113281250e+00
7.953938007354736328e+00 2.223599815368652344e+01
2.536135911941528320e+00 1.911626243591308594e+01
1.804063224792480469e+01 -7.297009944915771484e+00
2.250346565246582031e+01 -1.202169704437255859e+01
-1.635729026794433594e+01 -8.572447776794433594e+00
-1.083116626739501953e+01 -3.823823690414428711e+00
1.935917854309082031e+01 -8.978545188903808594e+00
2.590213775634765625e+00 1.967988204956054688e+01
-1.093451261520385742e+00 -2.446170043945312500e+01
-1.532803535461425781e+01 2.059480667114257812e+00
-4.456195354461669922e+00 -1.525291347503662109e+01
1.540881824493408203e+01 -9.155243635177612305e-01
-7.135907649993896484e+00 -1.938188743591308594e+01
7.087296009063720703e+00 -1.237505054473876953e+01
-3.157554626464843750e+01 4.771881103515625000e+00
-1.545810127258300781e+01 1.382230186462402344e+01
1.529153823852539062e+01 1.695629954338073730e+00
-2.927641487121582031e+01 -1.883466148376464844e+01
-1.501886558532714844e+01 -9.649231910705566406e+00
3.010356140136718750e+01 2.073184013366699219e+00
1.843450736999511719e+01 -7.886054515838623047e+00
6.977802753448486328e+00 2.181013488769531250e+01
-9.021632194519042969e+00 -1.853503417968750000e+01
-4.653850078582763672e+00 1.423437786102294922e+01
-2.919963836669921875e+01 3.300281465053558350e-01
9.164754867553710938e+00 -1.836710929870605469e+01
-2.091057062149047852e+00 -5.634233951568603516e+00
-2.683291625976562500e+01 3.508738756179809570e+00
2.068880271911621094e+01 -8.311974525451660156e+00
-1.330276012420654297e+01 1.392983627319335938e+01
-3.268180847167968750e+01 -1.380525779724121094e+01
-6.065834999084472656e+00 -2.193841218948364258e+00
2.847307777404785156e+01 8.150293350219726562e+00
-2.290154266357421875e+01 -1.599997711181640625e+01
-2.824665260314941406e+01 -1.153880834579467773e+00
8.135034561157226562e+00 -4.700303077697753906e+00
2.794433403015136719e+01 1.037488365173339844e+01
-2.699924087524414062e+01 5.650544166564941406e+00
2.828139305114746094e+01 9.469805717468261719e+00
8.860536813735961914e-01 -2.614946937561035156e+01
1.023304653167724609e+01 2.259648895263671875e+01
-3.051524758338928223e-01 2.037115478515625000e+01
-2.918578338623046875e+01 -1.389824771881103516e+01
-7.583692073822021484e-01 1.125766468048095703e+01
1.640304946899414062e+01 2.437376022338867188e+00
6.932620048522949219e+00 -1.473131084442138672e+01
1.349786949157714844e+01 2.241770935058593750e+01
-1.567176342010498047e+01 1.431395626068115234e+01
2.380154430866241455e-01 -2.429086875915527344e+01
3.066654443740844727e+00 9.648976325988769531e+00
2.075140953063964844e+01 1.127024412155151367e+00
-2.146997451782226562e+01 2.512233495712280273e+00
-7.950664043426513672e+00 -1.851982688903808594e+01
9.452507972717285156e+00 -1.284418964385986328e+01
-3.378111648559570312e+01 -1.278944206237792969e+01
2.731645011901855469e+01 8.844695687294006348e-01
9.895704984664916992e-01 -2.714725112915039062e+01
-2.334046554565429688e+01 3.533635377883911133e+00
-8.916970252990722656e+00 -1.835658454895019531e+01
-1.360182094573974609e+01 -2.834212303161621094e+00
1.944662094116210938e+01 -8.072415351867675781e+00
-1.440909481048583984e+01 6.581851482391357422e+00
-2.761225318908691406e+01 -1.614428329467773438e+01
-7.568638324737548828e+00 4.161523818969726562e+00
-5.286743640899658203e+00 4.155465126037597656e+00
1.284978580474853516e+01 -1.135451602935791016e+01
-1.466422080993652344e+01 -8.314030647277832031e+00
1.459794712066650391e+01 -5.652075767517089844e+00
3.036405563354492188e+01 7.482847690582275391e+00
1.658828353881835938e+01 -7.573904037475585938e+00
1.485250145196914673e-01 -2.624473190307617188e+01
1.554051399230957031e+01 -1.822856712341308594e+01
-6.131109237670898438e+00 -1.789473152160644531e+01
1.480370616912841797e+01 -3.987945079803466797e+00
-1.425017476081848145e+00 -5.617519378662109375e+00
1.227833557128906250e+01 -9.993529319763183594e+00
1.435492420196533203e+01 2.268701744079589844e+01
-1.105233860015869141e+01 -1.039295077323913574e+00
2.897449433803558350e-01 -2.398917007446289062e+01
-5.528951644897460938e+00 -1.449002861976623535e+00
3.234307098388671875e+01 7.203159332275390625e+00
1.247672557830810547e+01 -7.543735027313232422e+00
1.511872100830078125e+01 2.224085998535156250e+01
-1.794095802307128906e+01 1.119278526306152344e+01
2.880558204650878906e+01 9.434397697448730469e+00
1.505121421813964844e+01 -5.805169582366943359e+00
1.373209667205810547e+01 2.360798263549804688e+01
-8.759757041931152344e+00 9.049344062805175781e+00
1.361593532562255859e+01 2.058742904663085938e+01
-3.243393898010253906e+00 2.070507240295410156e+01
-2.654523277282714844e+01 9.816064238548278809e-01
3.398243188858032227e+00 1.311132907867431641e+01
-4.617211341857910156e+00 -1.551584339141845703e+01
1.631823730468750000e+01 -2.617923259735107422e+00
1.958220863342285156e+01 -5.396904468536376953e+00
1.232123279571533203e+01 1.641384482383728027e+00
-2.461723327636718750e+00 -2.622032546997070312e+01
7.467220425605773926e-01 1.953972053527832031e+01
-2.922685050964355469e+01 -1.339955806732177734e+01
-2.727715492248535156e+00 1.262201976776123047e+01
1.771047782897949219e+01 -7.773993492126464844e+00
-4.033927321434020996e-01 1.686755561828613281e+01
3.262910461425781250e+01 3.371490716934204102e+00
1.574475574493408203e+01 -5.396765708923339844e+00
1.946062088012695312e+01 -6.431590080261230469e+00
1.205148887634277344e+01 -8.117351531982421875e+00
1.530406713485717773e+00 -2.669726753234863281e+01
-6.008048057556152344e+00 8.398149490356445312e+00
2.949864768981933594e+01 7.298363685607910156e+00
6.790759086608886719e+00 1.192318058013916016e+01
2.013488197326660156e+01 -5.484766960144042969e+00
8.776924133300781250e+00 -1.532682800292968750e+01
1.644691586494445801e+00 -2.825844001770019531e+01
-2.225045919418334961e+00 2.295219993591308594e+01
1.828731536865234375e+01 -3.400561958551406860e-02
9.497788429260253906e+00 -5.395855426788330078e+00
4.336842000484466553e-01 -2.795138549804687500e+01
-1.598611640930175781e+01 1.398219871520996094e+01
3.032404518127441406e+01 8.161987304687500000e+00
-6.784282684326171875e+00 1.541699314117431641e+01
1.943669700622558594e+01 4.052362740039825439e-01
6.746120452880859375e+00 1.508779811859130859e+01
-1.962632751464843750e+01 -9.657834053039550781e+00
-1.364334297180175781e+01 1.221528244018554688e+01
3.298614621162414551e-01 -3.907080173492431641e+00
-4.499444484710693359e+00 1.900967979431152344e+01
-2.847083854675292969e+01 -1.417499256134033203e+01
-1.240380477905273438e+01 3.338462352752685547e+00
1.434472560882568359e+01 2.513307952880859375e+01
-2.417232275009155273e+00 2.052051734924316406e+01
-2.751096725463867188e+01 -2.699785947799682617e+00
-3.698832273483276367e+00 1.417070960998535156e+01
-2.627743339538574219e+01 -1.789191246032714844e+01
1.907168197631835938e+01 -9.257358551025390625e+00
-1.624710464477539062e+01 -7.344072818756103516e+00
-1.329990100860595703e+01 1.149079513549804688e+01
-6.148599147796630859e+00 -1.872980880737304688e+01
-3.884649038314819336e+00 1.977804565429687500e+01
-1.607342910766601562e+01 -7.424226760864257812e+00
7.397805452346801758e-01 2.041332054138183594e+01
2.090612411499023438e+01 1.566133618354797363e+00
6.156046390533447266e+00 1.198206901550292969e+01
2.838833427429199219e+01 1.093797492980957031e+01
1.282808780670166016e+01 -7.151088118553161621e-02
2.113368415832519531e+01 -7.529148578643798828e+00
-1.098564243316650391e+01 -4.502125263214111328e+00
2.384443998336791992e+00 -6.479288101196289062e+00
1.174043369293212891e+01 1.882122993469238281e+01
-1.319079971313476562e+01 -1.072149276733398438e+01
1.901564836502075195e+00 -1.317967224121093750e+01
1.944363784790039062e+01 1.124365806579589844e+00
-1.200146198272705078e+01 -3.136464953422546387e-01
-2.746029663085937500e+01 -1.547973346710205078e+01
1.445885372161865234e+01 5.465590953826904297e+00
2.024367332458496094e+01 1.748696088790893555e+00
-3.245154023170471191e-01 8.230008125305175781e+00
-4.872930526733398438e+00 -7.579683303833007812e+00
3.064686393737792969e+01 -1.796724796295166016e+00
-2.811288833618164062e+01 -2.254858732223510742e+00
1.085623550415039062e+01 -5.660211086273193359e+00
-3.167826271057128906e+01 4.801087379455566406e+00
-1.114920234680175781e+01 4.168292522430419922e+00
-2.944943428039550781e+01 -1.462787628173828125e+01
-3.427352905273437500e+00 -2.352731132507324219e+01
-8.653188705444335938e+00 -1.743694686889648438e+01
8.784543037414550781e+00 -1.344432735443115234e+01
-3.107223510742187500e+01 3.924934625625610352e+00
7.519629001617431641e+00 -5.423789978027343750e+00
-1.531054973602294922e+01 -9.156944274902343750e+00
1.109367465972900391e+01 -1.005848121643066406e+01
-3.911032676696777344e-01 -6.563210964202880859e+00
-3.002349472045898438e+01 6.200155735015869141e+00
1.582330989837646484e+01 1.180344223976135254e+00
1.573576641082763672e+01 -6.642618656158447266e+00
1.427173423767089844e+01 2.412821388244628906e+01
-1.342694878578186035e+00 1.859189987182617188e+01
-2.035283565521240234e+00 -3.791796684265136719e+00
1.497599506378173828e+01 -1.616480255126953125e+01
1.378504753112792969e+01 2.499277877807617188e+01
-1.003115773200988770e+00 -2.704849052429199219e+01
-2.788429832458496094e+01 -1.510645866394042969e+01
4.511219859123229980e-01 2.200547981262207031e+01
-2.107930564880371094e+01 3.352413177490234375e-01
-1.731613922119140625e+01 9.134414672851562500e+00
-2.702307128906250000e+01 -8.449515104293823242e-01
-8.242099285125732422e-01 1.956479263305664062e+01
1.269745826721191406e+01 2.241541671752929688e+01
-3.845451593399047852e+00 8.198582530021667480e-01
1.750483155250549316e+00 -2.477414512634277344e+01
-3.074425506591796875e+01 5.473261356353759766e+00
-2.324037313461303711e+00 4.708346366882324219e+00
7.827827930450439453e+00 -9.221568107604980469e+00
2.214566802978515625e+01 -1.032724952697753906e+01
-2.968511962890625000e+01 3.010373592376708984e+00
-1.126055049896240234e+01 -9.818197250366210938e+00
-3.019012451171875000e+01 7.438781261444091797e+00
-2.652184486389160156e+01 -1.434250354766845703e+01
8.448656082153320312e+00 2.064138793945312500e+01
3.340317153930664062e+01 7.193166255950927734e+00
3.881418943405151367e+00 -1.441303348541259766e+01
1.512967824935913086e+00 -1.512283205986022949e+00
-5.153893947601318359e+00 1.850098419189453125e+01
2.128873634338378906e+01 2.340134620666503906e+00
2.757761716842651367e+00 1.745387840270996094e+01
-2.686266708374023438e+01 -1.243676185607910156e+00
-7.109345436096191406e+00 2.604746580123901367e+00
1.552404975891113281e+01 2.609213638305664062e+01
7.981155395507812500e+00 -8.408959507942199707e-01
9.179602265357971191e-01 -2.418678665161132812e+01
1.187452602386474609e+01 1.123085880279541016e+01
-1.577771472930908203e+01 1.140633296966552734e+01
-4.217144966125488281e+00 2.615032434463500977e+00
2.480814170837402344e+01 -5.521005630493164062e+00
1.626944351196289062e+01 -2.586147308349609375e+00
3.364334106445312500e+01 7.855240821838378906e+00
-1.649978995323181152e+00 1.974853134155273438e+01
1.540197849273681641e+00 -1.673328757286071777e+00
-1.285544681549072266e+01 1.441835498809814453e+01
2.175982856750488281e+01 6.898773193359375000e+00
9.239387512207031250e+00 5.072763442993164062e+00
-2.797003936767578125e+01 1.930430054664611816e+00
-1.479904747009277344e+01 8.205389022827148438e+00
1.791461944580078125e+01 2.676833343505859375e+01
1.303605079650878906e+01 2.138209342956542969e+01
2.812088727951049805e+00 -2.630119514465332031e+01
-2.759943580627441406e+01 5.679402828216552734e+00
-1.772236633300781250e+01 9.747604370117187500e+00
-1.720636749267578125e+01 -8.147242665290832520e-01
3.273009109497070312e+01 1.213089466094970703e+01
-1.108926105499267578e+01 4.775795936584472656e+00
-2.961120128631591797e+00 -1.899775505065917969e+00
2.730612945556640625e+01 2.270848274230957031e+00
2.197914505004882812e+01 5.431555747985839844e+00
-5.964981079101562500e+00 8.904153823852539062e+00
6.255562901496887207e-01 -5.290152549743652344e+00
-1.580844497680664062e+01 1.022072124481201172e+01
2.886379432678222656e+01 6.519523620605468750e+00
-3.643595886230468750e+01 -1.179843235015869141e+01
1.617699241638183594e+01 2.460619354248046875e+01
1.640817642211914062e+01 2.544285202026367188e+01
1.997571736574172974e-01 -6.657037258148193359e+00
8.673040390014648438e+00 2.188644981384277344e+01
1.689180564880371094e+01 2.061652755737304688e+01
-2.006330728530883789e+00 5.660938739776611328e+00
-1.316919326782226562e+01 -1.019138908386230469e+01
-1.478284454345703125e+01 1.681545972824096680e+00
3.192836761474609375e+00 -2.684042167663574219e+01
-1.408121681213378906e+01 1.633643341064453125e+01
-3.330153703689575195e+00 -1.310766100883483887e+00
1.776378631591796875e+01 6.553147315979003906e+00
-2.490962600708007812e+01 -2.193571090698242188e+00
1.199901294708251953e+01 -8.820660591125488281e+00
2.716300964355468750e+01 5.163235664367675781e+00
3.245069885253906250e+01 5.204853057861328125e+00
-1.161518573760986328e+01 -9.689822196960449219e+00
-3.269347381591796875e+01 5.833084106445312500e+00
2.159921073913574219e+01 3.149699211120605469e+00
-3.140210914611816406e+01 5.647750377655029297e+00
-2.010651397705078125e+01 -8.488867759704589844e+00
1.876968592405319214e-01 7.861491680145263672e+00
2.095664024353027344e+01 7.688995361328125000e+00
1.574450969696044922e+01 9.800961494445800781e+00
2.539546394348144531e+01 -4.428133964538574219e+00
-1.758426547050476074e+00 7.781583309173583984e+00
1.814315414428710938e+01 2.688975143432617188e+01
-3.301638412475585938e+01 -1.088744068145751953e+01
1.775484085083007812e+01 2.610796165466308594e+01
-3.104590988159179688e+01 -1.154830169677734375e+01
-1.587600231170654297e+01 -9.497314453125000000e+00
8.881071090698242188e+00 2.182703208923339844e+01
-8.371979594230651855e-01 -3.528632819652557373e-01
-5.131371974945068359e+00 1.069297885894775391e+01
2.276289749145507812e+01 -5.201587677001953125e+00
-1.695789527893066406e+01 8.611030578613281250e-01
-8.643376350402832031e+00 -9.888092041015625000e+00
-1.593356990814208984e+01 9.517548561096191406e+00
-3.150142669677734375e+00 -2.556174039840698242e+00
-1.534727573394775391e+01 6.947613716125488281e+00
-2.008190345764160156e+01 -1.543496322631835938e+01
-1.725274920463562012e+00 -2.317026329040527344e+01
-4.812265396118164062e+00 -1.884527397155761719e+01
1.150817012786865234e+01 -8.758274078369140625e+00
1.040843129158020020e+00 -2.296962165832519531e+01
1.740106701850891113e+00 2.276687431335449219e+01
1.436135005950927734e+01 2.576840782165527344e+01
-1.999429130554199219e+01 1.312629413604736328e+01
2.277687549591064453e+00 -2.497937965393066406e+01
-7.133217453956604004e-01 2.374225234985351562e+01
-4.776523590087890625e+00 -1.899306297302246094e+01
-7.021914005279541016e+00 1.428364181518554688e+01
-4.337958335876464844e+00 -4.690444946289062500e+00
1.455523586273193359e+01 7.904198646545410156e+00
-4.300041198730468750e+00 -1.953867912292480469e+01
3.223050308227539062e+01 6.170855164527893066e-01
1.932155370712280273e+00 -2.534740257263183594e+01
1.627719497680664062e+01 -9.055907249450683594e+00
-2.401331138610839844e+01 -1.551382923126220703e+01
1.243062973022460938e+01 -5.635305404663085938e+00
3.124941253662109375e+01 1.061719512939453125e+01
-3.012958765029907227e+00 -2.428463363647460938e+01
2.423138427734375000e+01 -3.314044475555419922e+00
9.543004989624023438e+00 8.989514350891113281e+00
-2.458103656768798828e+00 -2.903962373733520508e+00
-9.109903573989868164e-01 2.174679946899414062e+01
1.517383670806884766e+01 2.307498931884765625e+01
-3.971897125244140625e+00 1.170019721984863281e+01
9.790170192718505859e-01 -4.195038318634033203e+00
8.853435516357421875e+00 -6.258167266845703125e+00
-2.570404815673828125e+01 -1.631028771400451660e+00
-1.035106182098388672e+01 4.039584636688232422e+00
-1.010837841033935547e+01 -1.016993904113769531e+01
1.125439834594726562e+01 -6.858678340911865234e+00
-7.978614330291748047e+00 -1.432731723785400391e+01
-2.104817771911621094e+01 5.358310222625732422e+00
2.178520774841308594e+01 7.029743671417236328e+00
-3.308869004249572754e-01 -1.432426548004150391e+01
2.337678146362304688e+01 -6.116472244262695312e+00
3.315539550781250000e+01 1.171749401092529297e+01
1.682036018371582031e+01 2.657076263427734375e+01
9.066241264343261719e+00 1.426410484313964844e+01
2.301927757263183594e+01 2.313371658325195312e+00
1.443094158172607422e+01 -3.266667127609252930e+00
3.080106496810913086e+00 -2.809462738037109375e+01
-3.212927627563476562e+01 -1.053301811218261719e+01
1.596311950683593750e+01 2.550516510009765625e+01
-1.835183334350585938e+01 7.102735042572021484e+00
2.251036453247070312e+01 7.491837501525878906e+00
-2.852737998962402344e+01 6.100602626800537109e+00
-2.017226028442382812e+01 -1.284918880462646484e+01
-2.645266151428222656e+01 -1.384537220001220703e+01
3.015356063842773438e+01 1.203995800018310547e+01
1.337552452087402344e+01 -1.254540085792541504e+00
2.221345329284667969e+01 5.000611305236816406e+00
-1.308433818817138672e+01 9.956063270568847656e+00
-2.250459098815917969e+01 -5.762382507324218750e+00
3.968493938446044922e+00 1.923583412170410156e+01
2.572197341918945312e+01 -3.935241460800170898e+00
1.068189811706542969e+01 -1.611074638366699219e+01
-1.775557327270507812e+01 -1.097191238403320312e+01
1.546559619903564453e+01 -1.577790546417236328e+01
1.506383991241455078e+01 2.379240608215332031e+01
6.527381420135498047e+00 -1.043255615234375000e+01
1.694565963745117188e+01 2.077584075927734375e+01
-2.675000190734863281e+01 5.392917633056640625e+00
-5.298529148101806641e+00 -1.081750488281250000e+01
-1.325847625732421875e+01 -8.656482696533203125e+00
1.174194574356079102e+00 -1.034168958663940430e+00
1.163745117187500000e+01 -1.162827587127685547e+01
3.096113586425781250e+01 1.133720779418945312e+01
-2.379051446914672852e+00 1.976899337768554688e+01
2.476203918457031250e+00 -2.610288238525390625e+01
-1.998415946960449219e+01 1.237393951416015625e+01
2.246334266662597656e+01 1.732871174812316895e+00
-2.120604896545410156e+01 1.135239028930664062e+01
-2.138701820373535156e+01 -1.443379974365234375e+01
3.174250030517578125e+01 5.761707305908203125e+00
-6.225187778472900391e+00 1.626748561859130859e+00
-1.250303936004638672e+01 -6.929996013641357422e+00
8.101696968078613281e+00 -8.661414980888366699e-01
-8.034099578857421875e+00 1.137321567535400391e+01
-5.196773529052734375e+00 -1.072913932800292969e+01
-7.461957454681396484e+00 1.379396724700927734e+01
2.229759597778320312e+01 4.895466804504394531e+00
3.072643852233886719e+01 -1.053475022315979004e+00
-2.135382843017578125e+01 -5.683576583862304688e+00
1.440996170043945312e+01 6.141595363616943359e+00
-1.956995010375976562e+01 -1.112889957427978516e+01
1.551128578186035156e+01 6.231262207031250000e+00
1.625640487670898438e+01 2.676732826232910156e+01
-2.761087894439697266e+00 2.063815116882324219e+01
-2.566252517700195312e+01 -1.990651369094848633e+00
1.578172397613525391e+01 -1.705982780456542969e+01
1.453488254547119141e+01 1.801138877868652344e+01
-2.143058061599731445e+00 -2.584061622619628906e+01
-1.037577629089355469e+01 -1.425253200531005859e+01
1.020779514312744141e+01 2.140644836425781250e+01
-5.203110218048095703e+00 -1.075112247467041016e+01
7.776841163635253906e+00 1.473192787170410156e+01
2.576151657104492188e+01 -4.001894474029541016e+00
7.329911231994628906e+00 2.139995574951171875e+01
-2.249645996093750000e+01 -1.510400104522705078e+01
1.352561712265014648e+00 1.088976669311523438e+01
3.116314888000488281e+01 1.086306762695312500e+01
-1.362634754180908203e+01 3.767727613449096680e-01
-8.394037246704101562e+00 -1.038795471191406250e+01
2.918358802795410156e+01 2.014562845230102539e+00
2.381863212585449219e+01 -5.272703170776367188e+00
-2.527691841125488281e+01 -1.211675930023193359e+01
2.311805486679077148e+00 -2.761983680725097656e+01
-3.628037261962890625e+01 -1.191046524047851562e+01
-1.052889823913574219e+00 -4.528506278991699219e+00
-1.171499156951904297e+01 4.377324581146240234e+00
1.976225471496582031e+01 9.427976608276367188e+00
-2.209330368041992188e+01 4.364149093627929688e+00
2.487073707580566406e+01 -6.154496192932128906e+00
1.051175498962402344e+01 9.066174507141113281e+00
-2.074010848999023438e+01 -1.257338905334472656e+01
-1.937141990661621094e+01 2.474144220352172852e+00
-1.921729278564453125e+01 -7.765408992767333984e+00
-1.726563835144042969e+01 1.423646640777587891e+01
-2.558354949951171875e+01 -2.933971881866455078e+00
-2.744310379028320312e+01 6.825885772705078125e+00
1.404662609100341797e+01 2.142740821838378906e+01
-2.341365432739257812e+01 -1.836284828186035156e+01
-3.257247805595397949e-01 -2.689728164672851562e+01
2.735494136810302734e+00 1.774069976806640625e+01
-1.134084987640380859e+01 -1.726231575012207031e+01
1.570227146148681641e+00 2.094623374938964844e+01
2.373789978027343750e+01 -1.128065586090087891e+01
-1.595139741897583008e+00 2.182347869873046875e+01
-1.689011192321777344e+01 -1.344991564750671387e+00
2.162686538696289062e+01 -8.746753692626953125e+00
-2.814403533935546875e+01 -1.321536731719970703e+01
7.607898712158203125e+00 -1.315028190612792969e+01
3.064266014099121094e+01 9.754486083984375000e+00
-3.222609043121337891e+00 -2.535681724548339844e+01
2.124907970428466797e+00 -4.565452575683593750e+00
1.651255035400390625e+01 -1.652353477478027344e+01
1.717199707031250000e+01 -2.635579347610473633e+00
2.981512308120727539e+00 1.426003742218017578e+01
-2.474918556213378906e+01 -3.903587102890014648e+00
-9.036898612976074219e+00 4.283172607421875000e+00
1.442011547088623047e+01 2.150476455688476562e+01
1.207822322845458984e+01 -1.343890285491943359e+01
5.325656890869140625e+00 3.509140253067016602e+00
-2.011827468872070312e+00 1.096891403198242188e+01
-8.181785583496093750e+00 -1.794648933410644531e+01
8.711542129516601562e+00 1.598242092132568359e+01
2.404992675781250000e+01 -1.030589294433593750e+01
1.131887626647949219e+01 2.302345848083496094e+01
-1.730961608886718750e+01 -3.279615044593811035e-01
2.150516891479492188e+01 -5.993325710296630859e+00
-2.842087173461914062e+01 -1.322249984741210938e+01
-2.626701736450195312e+01 3.340890645980834961e+00
2.862129402160644531e+01 7.057445049285888672e+00
6.194471836090087891e+00 -1.020164966583251953e+01
1.864632487297058105e+00 -5.742039680480957031e+00
1.094618892669677734e+01 -1.509747028350830078e+01
1.801514053344726562e+01 6.547739505767822266e-01
-2.789824485778808594e+00 8.411847114562988281e+00
-2.621543693542480469e+01 -1.757497191429138184e+00
-1.649812579154968262e+00 2.106428146362304688e+01
1.516847515106201172e+01 2.441445732116699219e+01
-2.179117584228515625e+01 -8.954210281372070312e+00
5.962507128715515137e-01 -2.697525215148925781e+01
3.244527578353881836e+00 1.065755176544189453e+01
-9.675806999206542969e+00 -1.739877319335937500e+01
-2.120418787002563477e+00 -2.280273056030273438e+01
2.347686386108398438e+01 -8.471907615661621094e+00
5.411460399627685547e+00 -1.231593608856201172e+01
-2.077979660034179688e+01 1.187034320831298828e+01
-1.538748145103454590e+00 1.468843650817871094e+01
-2.545815086364746094e+01 -1.400181388854980469e+01
-1.421549510955810547e+01 1.632936859130859375e+01
2.939008522033691406e+01 1.055256080627441406e+01
3.337833786010742188e+01 7.077483534812927246e-01
2.625508069992065430e+00 -5.003490924835205078e+00
-7.886119842529296875e+00 1.146061611175537109e+01
1.843313980102539062e+01 -1.522037386894226074e+00
1.455593490600585938e+01 7.414513111114501953e+00
2.420178413391113281e+01 -1.089134025573730469e+01
2.731471443176269531e+01 9.657005071640014648e-01
-9.011144638061523438e+00 -1.710192680358886719e+01
6.523473262786865234e+00 1.232201290130615234e+01
-2.667058181762695312e+01 -2.569499254226684570e+00
-4.122724235057830811e-01 3.800474643707275391e+00
-2.503432464599609375e+01 -1.480899143218994141e+01
-8.331877708435058594e+00 1.156291961669921875e+01
-2.350134086608886719e+01 -1.404337120056152344e+01
-2.890206575393676758e+00 1.844776725769042969e+01
-2.487664604187011719e+01 -1.400284290313720703e+01
-1.054148674011230469e+01 1.727678775787353516e+00
1.855561637878417969e+01 -2.530425548553466797e+00
6.405745029449462891e+00 -1.488974189758300781e+01
-2.617114067077636719e+01 -3.299602270126342773e+00
1.228893184661865234e+01 -3.916355609893798828e+00
-2.321676254272460938e+01 -5.562093734741210938e+00
-5.462104320526123047e+00 1.999783897399902344e+01
1.543545913696289062e+01 2.514451789855957031e+01
-1.137046146392822266e+01 1.065336036682128906e+01
2.196218872070312500e+01 -7.065747380256652832e-01
9.307667732238769531e+00 -4.561213493347167969e+00
-1.569955444335937500e+01 -2.865674734115600586e+00
-1.381437206268310547e+01 1.169263458251953125e+01
2.881732749938964844e+01 1.101644515991210938e+01
1.255505561828613281e+01 1.659774333238601685e-01
2.118013191223144531e+01 -5.182841420173645020e-01
8.538525700569152832e-01 4.106225490570068359e+00
-1.676244735717773438e+01 -2.965425014495849609e+00
-3.033691883087158203e+00 3.061451911926269531e+00
-2.457650756835937500e+01 -1.340186691284179688e+01
-1.218730640411376953e+01 1.535940456390380859e+01
-4.861773550510406494e-01 -2.586611270904541016e+00
-3.163121414184570312e+01 -1.105993652343750000e+01
1.758306884765625000e+01 -3.318589687347412109e+00
7.742885112762451172e+00 -1.188487529754638672e+01
1.060455417633056641e+01 2.426200103759765625e+01
-1.787761569023132324e+00 2.144112825393676758e+00
-1.095858097076416016e+01 -1.721696090698242188e+01
-1.496147060394287109e+01 4.082521438598632812e+00
2.101662635803222656e+00 -2.738302946090698242e+00
1.943472146987915039e+00 -1.375365352630615234e+01
-1.522642040252685547e+01 -2.942836284637451172e+00
2.065127754211425781e+01 -2.858057737350463867e+00
3.081545639038085938e+01 6.203920364379882812e+00
-3.412767350673675537e-01 -2.404638290405273438e+01
-1.631487083435058594e+01 -1.071735382080078125e+01
-2.072577095031738281e+01 -3.000222742557525635e-01
-1.870647430419921875e+00 -2.566997528076171875e+00
4.338483810424804688e+00 -1.245285129547119141e+01
1.314007472991943359e+01 2.568099212646484375e+01
-2.364168882369995117e+00 2.181291580200195312e+01
-2.615468215942382812e+01 -3.248979568481445312e+00
8.839314460754394531e+00 8.742560744285583496e-01
1.284404182434082031e+01 2.608200454711914062e+01
-1.268735790252685547e+01 -1.549317073822021484e+01
-2.474621009826660156e+01 -1.520163917541503906e+01
8.411597251892089844e+00 -4.557906627655029297e+00
-2.699898338317871094e+01 -1.156494379043579102e+00
-2.847264111042022705e-01 -1.103967761993408203e+01
-1.105494213104248047e+01 -1.765576553344726562e+01
-3.356055450439453125e+01 6.263142585754394531e+00
-6.159930825233459473e-01 -3.292396783828735352e+00
-1.162699222564697266e+01 1.312413787841796875e+01
1.827986145019531250e+01 -1.836191296577453613e+00
-2.298489761352539062e+01 -1.674892425537109375e+01
2.884369087219238281e+01 1.247759819030761719e+01
1.100641632080078125e+01 1.827386140823364258e+00
2.148892974853515625e+01 -4.322738647460937500e+00
3.037521362304687500e+01 1.767169475555419922e+00
-1.641111755371093750e+01 -2.096433162689208984e+00
1.290796852111816406e+01 -7.599255084991455078e+00
5.806965351104736328e+00 2.750720739364624023e+00
-2.946914482116699219e+01 -1.211515331268310547e+01
2.917429924011230469e+01 1.229337882995605469e+01
8.927494049072265625e+00 -1.467934894561767578e+01
-1.580398273468017578e+01 -2.012885808944702148e+00
1.303339385986328125e+01 -7.053048133850097656e+00
5.555745601654052734e+00 2.920441150665283203e+00
-3.998764991760253906e+00 1.736517524719238281e+01
1.118693065643310547e+01 2.432457923889160156e+01
-3.034314346313476562e+01 -1.790894508361816406e+01
-9.054195404052734375e+00 -1.659011268615722656e+01
1.071020412445068359e+01 -7.687976360321044922e+00
5.468852996826171875e+00 6.865514755249023438e+00
7.272470474243164062e+00 1.156527709960937500e+01
-1.638403892517089844e+01 -3.069179952144622803e-01
-2.820580863952636719e+01 -1.626658630371093750e+01
-8.462357521057128906e-01 -7.632595062255859375e+00
-2.405328941345214844e+01 4.246283054351806641e+00
3.164165496826171875e+01 6.980487346649169922e+00
1.653281211853027344e+01 -1.585467910766601562e+01
1.746386528015136719e+01 2.468914604187011719e+01
1.680664253234863281e+01 4.851584911346435547e+00
-6.667001247406005859e-01 -2.439672708511352539e+00
8.276126861572265625e+00 -3.706929206848144531e+00
-2.374192619323730469e+01 -5.708668231964111328e+00
6.895726680755615234e+00 6.239271163940429688e+00
2.126283264160156250e+01 3.189073204994201660e-01
7.287138462066650391e+00 -1.853307342529296875e+01
-2.327003097534179688e+01 -1.478303432464599609e+01
5.312237262725830078e+00 1.321444129943847656e+01
-1.594529390335083008e+00 -3.558097600936889648e+00
-1.484409427642822266e+01 1.544440984725952148e+00
1.160364627838134766e+01 2.408747291564941406e+01
1.508240318298339844e+01 -8.081365585327148438e+00
1.157005023956298828e+01 2.517943191528320312e+01
-8.148121833801269531e+00 3.851365566253662109e+00
-1.681902313232421875e+01 -1.754747509956359863e+00
6.866792440414428711e-01 2.106842803955078125e+01
2.947609329223632812e+01 1.136389732360839844e+01
-1.109676837921142578e+01 8.960721969604492188e+00
-2.599861717224121094e+01 -1.459458541870117188e+01
-2.000303268432617188e+01 8.634408950805664062e+00
-7.954410076141357422e+00 -1.427572631835937500e+01
6.237660646438598633e-01 -1.998380661010742188e+01
-1.586712169647216797e+01 -2.638875484466552734e+00
-8.608725547790527344e+00 3.778765916824340820e+00
2.283529281616210938e+01 -9.600453376770019531e+00
9.262480735778808594e+00 -1.428019523620605469e+01
-2.134820365905761719e+01 -4.347150325775146484e+00
-3.109115791320800781e+01 -1.249888134002685547e+01
2.313471984863281250e+01 -1.014407920837402344e+01
-2.189379882812500000e+01 -1.611283111572265625e+01
2.898632049560546875e+01 1.034376239776611328e+01
2.840982055664062500e+01 6.706340909004211426e-01
2.350373840332031250e+01 -1.014476108551025391e+01
-8.076519012451171875e+00 9.015088081359863281e+00
-1.055868339538574219e+01 -1.824583053588867188e+01
1.109674549102783203e+01 1.489759445190429688e+00
-2.348798942565917969e+01 -4.552921772003173828e+00
-2.776556968688964844e+01 -1.474814891815185547e+00
-9.619812011718750000e+00 -1.644916915893554688e+01
2.225596427917480469e+00 1.350300121307373047e+01
5.655962944030761719e+00 2.536430597305297852e+00
1.609015083312988281e+01 5.411089420318603516e+00
-1.316192448139190674e-01 -6.001664161682128906e+00
3.402941513061523438e+01 1.109975051879882812e+01
-9.693464279174804688e+00 -1.704022407531738281e+01
3.103581428527832031e+01 2.634402990341186523e+00
-2.210807991027832031e+01 -6.293496131896972656e+00
-3.776556730270385742e+00 1.749616241455078125e+01
1.338958263397216797e+01 2.435314559936523438e+01
-2.909703254699707031e+01 6.512287616729736328e+00
-1.329794079065322876e-01 -2.327498245239257812e+01
-1.287656688690185547e+01 8.583226203918457031e+00
-1.425203704833984375e+01 1.276868534088134766e+01
-2.278143644332885742e+00 1.114383792877197266e+01
1.859347152709960938e+01 -1.023644638061523438e+01
-4.274638175964355469e+00 1.128295612335205078e+01
-1.233848667144775391e+01 -9.845485687255859375e+00
3.016711425781250000e+01 9.926009178161621094e+00
-2.600794029235839844e+01 -1.645128440856933594e+01
8.875161170959472656e+00 -1.848309135437011719e+01
3.276715087890625000e+01 2.757288217544555664e+00
9.570482254028320312e+00 1.410630512237548828e+01
2.885235309600830078e+00 -2.986622810363769531e+00
-1.522524356842041016e+01 1.021181678771972656e+01
2.061756896972656250e+01 -2.917084217071533203e+00
1.473561954498291016e+01 3.969399213790893555e+00
-2.302691650390625000e+01 -7.302077293395996094e+00
-1.151995849609375000e+01 9.573850631713867188e+00
1.405035591125488281e+01 2.468817138671875000e+01
-6.420845508575439453e+00 1.519547080993652344e+01
3.844776153564453125e+00 -2.660243797302246094e+01
1.907309532165527344e+01 3.391553163528442383e+00
-1.997460746765136719e+01 1.143622779846191406e+01
2.188316345214843750e+01 -1.821669578552246094e+00
2.003178977966308594e+01 -9.596201896667480469e+00
2.745656204223632812e+01 1.242097616195678711e+00
-1.273024749755859375e+01 -8.902255058288574219e+00
1.293433856964111328e+01 -9.223662614822387695e-01
-2.547129058837890625e+01 -1.524381065368652344e+01
-2.527340507507324219e+01 3.251619577407836914e+00
-2.221489334106445312e+01 -7.765113353729248047e+00
3.298986816406250000e+01 3.827866911888122559e-01
1.676138114929199219e+01 2.407973861694335938e+01
8.712699890136718750e+00 -1.113824748992919922e+01
1.880710721015930176e+00 -2.357176589965820312e+01
1.590463924407958984e+01 -1.691391754150390625e+01
-9.982991218566894531e+00 -1.509131050109863281e+01
-3.421609878540039062e+01 -9.149247169494628906e+00
3.004999542236328125e+01 9.252633094787597656e+00
-6.436345100402832031e+00 2.190333366394042969e+00
3.262676715850830078e+00 -4.060145854949951172e+00
1.082563495635986328e+01 -1.316114521026611328e+01
-1.268335628509521484e+01 -1.042564201354980469e+01
-3.047833442687988281e+01 -1.822908401489257812e+01
4.171163082122802734e+00 -2.485364913940429688e+01
1.530142402648925781e+01 1.604187583923339844e+01
1.392483520507812500e+01 2.584892654418945312e+01
3.648463726043701172e+00 2.214976119995117188e+01
-1.327369117736816406e+01 -9.535282135009765625e+00
-6.113880157470703125e+00 1.536440086364746094e+01
3.879674375057220459e-01 -2.548925876617431641e+00
-1.538427734375000000e+01 1.380693340301513672e+01
-1.259740740060806274e-01 -1.742837309837341309e+00
1.127409172058105469e+01 -1.670333290100097656e+01
-2.240221405029296875e+01 -4.735808849334716797e+00
3.205418014526367188e+01 8.192454338073730469e+00
2.055578994750976562e+01 -1.247024536132812500e+01
1.930817031860351562e+01 -2.063100576400756836e+00
4.431111812591552734e+00 -2.498273849487304688e+01
1.019171428680419922e+01 -8.893687248229980469e+00
2.459248924255371094e+01 -4.203726649284362793e-01
3.343993759155273438e+01 6.468576908111572266e+00
4.077156066894531250e+00 2.510672569274902344e+00
-1.265490531921386719e+00 1.415627956390380859e+01
2.399126625061035156e+01 -6.048243522644042969e+00
7.726380825042724609e+00 1.473372459411621094e+01
-1.850179100036621094e+01 -1.358020877838134766e+01
8.321726799011230469e+00 -9.401653289794921875e+00
1.503093624114990234e+01 2.749138450622558594e+01
2.812701416015625000e+01 4.720342159271240234e+00
-1.940519905090332031e+01 -9.731254577636718750e+00
-3.554942321777343750e+01 -1.350008773803710938e+01
2.189101409912109375e+01 -5.317593097686767578e+00
-8.254913687705993652e-01 7.067435383796691895e-01
-1.053170871734619141e+01 -1.005757427215576172e+01
1.527057933807373047e+01 1.602889823913574219e+01
-2.330535697937011719e+01 -3.956984996795654297e+00
1.287355422973632812e+01 1.232226181030273438e+01
1.531954288482666016e+01 2.608564376831054688e+01
-2.126896286010742188e+01 3.627787590026855469e+00
-2.750693082809448242e+00 5.032980918884277344e+00
3.236198043823242188e+01 9.639024734497070312e+00
-1.981175804138183594e+01 -1.467537021636962891e+01
-1.603748321533203125e+01 1.061819553375244141e+00
-2.153584671020507812e+01 -6.730331897735595703e+00
-2.901816940307617188e+01 -1.059208583831787109e+01
1.619862747192382812e+01 2.232849693298339844e+01
-6.064846515655517578e+00 4.063545227050781250e+00
1.434722042083740234e+01 2.703979682922363281e+01
3.069462394714355469e+01 3.354534864425659180e+00
1.306653022766113281e+00 -5.525706291198730469e+00
-5.848960399627685547e+00 -8.165530204772949219e+00
-2.315921783447265625e+01 -6.400071144104003906e+00
-3.260511398315429688e+01 -9.947084426879882812e+00
2.110190200805664062e+01 -9.708249092102050781e+00
-1.563135743141174316e+00 1.278451538085937500e+01
3.345516586303710938e+01 5.953165054321289062e+00
-1.766840934753417969e+01 1.164887332916259766e+01
2.473646926879882812e+01 8.018777847290039062e+00
-1.243305057287216187e-01 3.483130693435668945e+00
-2.178009033203125000e+01 -1.492567348480224609e+01
-9.593895077705383301e-01 9.252760887145996094e+00
-1.093198299407958984e+01 -1.558941841125488281e+01
-3.269587278366088867e+00 2.395467758178710938e+00
-1.863947105407714844e+01 -1.221312141418457031e+01
-2.585216999053955078e+00 1.886422729492187500e+01
-2.147207641601562500e+01 -7.009213924407958984e+00
1.323145580291748047e+01 -2.070196628570556641e+00
3.135597229003906250e+01 8.701007843017578125e+00
-3.230419635772705078e+00 2.310913085937500000e+01
-2.667084693908691406e+00 4.795485019683837891e+00
-3.152647399902343750e+01 8.326693534851074219e+00
-1.376602458953857422e+01 -9.861511230468750000e+00
-3.557891845703125000e+01 -1.286315631866455078e+01
2.261319541931152344e+01 -7.484391212463378906e+00
1.349406909942626953e+01 -1.124203109741210938e+01
3.888000249862670898e+00 -2.512746429443359375e+01
1.155504131317138672e+01 -1.756887817382812500e+01
2.519641876220703125e+01 -1.158483982086181641e+01
-1.501057910919189453e+01 8.072221755981445312e+00
1.520099258422851562e+01 2.733659362792968750e+01
3.247512817382812500e+01 1.603175878524780273e+00
2.454628181457519531e+01 -1.199550509452819824e+00
-1.084668254852294922e+01 4.793129920959472656e+00
-2.218880462646484375e+01 -7.489770412445068359e+00
-1.586598396301269531e+01 6.722506523132324219e+00
-1.942530822753906250e+01 -1.262985897064208984e+01
